[gd_scene load_steps=8 format=3 uid="uid://dwwxkatkxdxsu"]

[ext_resource type="PackedScene" uid="uid://ckkuoomn8py68" path="res://scenes/ui/player_hud.tscn" id="1_mej3g"]
[ext_resource type="PackedScene" uid="uid://ci4s5wyfxbnsl" path="res://scenes/characters/player.tscn" id="2_5pfrb"]
[ext_resource type="PackedScene" uid="uid://cmlxcocw8rbxb" path="res://scripts/objects/knife.tscn" id="6_c7mp8"]
[ext_resource type="PackedScene" uid="uid://b3qphi6tibi4g" path="res://scenes/interactables/BloodChalice.tscn" id="7_j1mjo"]
[ext_resource type="PackedScene" uid="uid://vl57mdwwn58p" path="res://scenes/objects/chair.tscn" id="8_2mv6k"]
[ext_resource type="PackedScene" uid="uid://c7ub53k5l7lte" path="res://scenes/levels/church_test_zone.tscn" id="9_hg2xc"]
[ext_resource type="PackedScene" uid="uid://drm4nnnapaago" path="res://scenes/interactables/candle.tscn" id="10_2rd4r"]

[node name="TestLevel" type="Node3D"]

[node name="PlayerHud" parent="." instance=ExtResource("1_mej3g")]

[node name="DirectionalLight3D" type="DirectionalLight3D" parent="."]
transform = Transform3D(0.629299, -0.359016, 0.689268, 0.148335, 0.926084, 0.346936, -0.762876, -0.116084, 0.636039, 0, 0, 0)
light_color = Color(0.59, 0.767667, 1, 1)
light_energy = 0.3
light_volumetric_fog_energy = 2.0
shadow_enabled = true

[node name="Player" parent="." instance=ExtResource("2_5pfrb")]
unique_name_in_owner = true
transform = Transform3D(1, 0, 0, 0, 1, 0, 0, 0, 1, 1.61098, 10.2507, 4.62788)

[node name="Chair" parent="." instance=ExtResource("8_2mv6k")]
transform = Transform3D(1, 0, 0, 0, 1, 0, 0, 0, 1, 1.88097, 9.58066, 2.51106)

[node name="Chair2" parent="." instance=ExtResource("8_2mv6k")]
transform = Transform3D(1, 0, 0, 0, 1, 0, 0, 0, 1, 1.25384, 9.58066, 6.99077)

[node name="ChurchTestZone" parent="." instance=ExtResource("9_hg2xc")]
transform = Transform3D(1, 0, 0, 0, 1, 0, 0, 0, 1, -0.399625, 8.71905, -11.0477)

[node name="Candle" parent="." instance=ExtResource("10_2rd4r")]
transform = Transform3D(-0.333544, 0, -0.942735, 0, 1, 0, 0.942735, 0, -0.333544, 0.217941, 9.99521, 7.54519)

[node name="Candle2" parent="." instance=ExtResource("10_2rd4r")]
transform = Transform3D(-0.333544, 0, -0.942735, 0, 1, 0, 0.942735, 0, -0.333544, 1.70771, 9.99521, 2.90379)

[node name="Knife" parent="." instance=ExtResource("6_c7mp8")]
transform = Transform3D(0.910885, -0.412659, 0, 0.412659, 0.910885, 0, 0, 0, 1, 1.08687, 10.2764, 3.11034)
itemName = "Barrys's Knife"

[node name="Knife2" parent="." instance=ExtResource("6_c7mp8")]
transform = Transform3D(0.910885, -0.412659, 0, 0.412659, 0.910885, 0, 0, 0, 1, 2.63135, 10.2764, 3.11034)
itemName = "Jack's Knife"

[node name="Knife3" parent="." instance=ExtResource("6_c7mp8")]
transform = Transform3D(0.910885, -0.412659, 0, 0.412659, 0.910885, 0, 0, 0, 1, 3.66423, 10.2764, 3.11034)
itemName = "Dave's Knife"

[node name="BloodChalice" parent="." instance=ExtResource("7_j1mjo")]
transform = Transform3D(1, 0, 0, 0, 1, 0, 0, 0, 1, 1.22215, 9.96482, 7.54234)
